RAN_Event_Unix_Timestamp	Bridge_Read_Timestamp	Python_Recv_Timestamp	Cellular_Precise_Timestamp	SubFN	SysFN	LCG_0	LCG_1	LCG_2	LCG_3	Num_RBs	TBS_Index	Pipeline_Latency_ms
1755397834.118025	1755397837.640391	1755397834.483692	1755397834.483692	4	24	0	0	0	0	-	-	3522.366
1755397834.118025	1755397837.640391	1755397834.483692	1755397834.533692	4	29	0	0	0	0	-	-	3522.366
1755397834.118025	1755397837.640391	1755397834.483692	1755397834.543692	4	30	0	0	0	3	-	-	3522.366
1755397834.118025	1755397837.640391	1755397834.483692	1755397834.551692	2	31	0	0	0	0	-	-	3522.366
1755397834.183782	1755397837.707515	1755397834.551630	1755397844.719692	0	24	-	-	-	-	2	TBS_Index_19	3523.733
1755397834.183782	1755397837.707515	1755397834.551630	1755397834.529692	0	29	-	-	-	-	1	TBS_Index_25	3523.733
1755397834.183782	1755397837.707515	1755397834.551630	1755397834.539692	0	30	-	-	-	-	2	TBS_Index_23	3523.733
1755397834.183782	1755397837.707515	1755397834.551630	1755397834.547692	8	30	-	-	-	-	3	TBS_Index_21	3523.733
1755397834.183782	1755397837.707515	1755397834.551630	1755397834.568692	9	32	-	-	-	-	3	TBS_Index_21	3523.733
1755397834.183782	1755397837.707515	1755397834.551630	1755397834.589692	0	35	-	-	-	-	3	TBS_Index_19	3523.733
1755397834.183782	1755397837.707515	1755397834.551630	1755397834.619692	0	38	-	-	-	-	3	TBS_Index_21	3523.733
1755397834.183782	1755397837.707515	1755397834.551630	1755397834.627692	8	38	-	-	-	-	2	TBS_Index_23	3523.733
1755397834.220094	1755397837.741841	1755397834.584988	1755397834.572692	3	33	0	0	0	0	-	-	3521.747
1755397834.220094	1755397837.741841	1755397834.584988	1755397834.593692	4	35	0	0	0	0	-	-	3521.747
1755397834.220094	1755397837.741841	1755397834.584988	1755397834.623692	4	38	0	0	0	0	-	-	3521.747
1755397834.220094	1755397837.741841	1755397834.584988	1755397834.631692	2	39	0	0	0	0	-	-	3521.747
1755397834.220094	1755397837.741841	1755397834.584988	1755397834.637692	8	39	0	0	0	0	-	-	3521.747
1755397834.220094	1755397837.741841	1755397834.584988	1755397834.643692	4	40	0	0	0	0	-	-	3521.747
1755397834.220094	1755397837.741841	1755397834.584988	1755397834.649692	0	41	0	0	0	0	-	-	3521.747
1755397834.220094	1755397837.741841	1755397834.584988	1755397834.655692	6	41	0	0	0	0	-	-	3521.747
1755397834.220094	1755397837.741841	1755397834.584988	1755397834.661692	2	42	0	0	0	0	-	-	3521.747
1755397834.279402	1755397837.801296	1755397834.644195	1755397834.633692	4	39	-	-	-	-	2	TBS_Index_23	3521.894
1755397834.279402	1755397837.801296	1755397834.644195	1755397834.639692	0	40	-	-	-	-	2	TBS_Index_23	3521.894
1755397834.279402	1755397837.801296	1755397834.644195	1755397834.645692	6	40	-	-	-	-	3	TBS_Index_23	3521.894
1755397834.279402	1755397837.801296	1755397834.644195	1755397834.651692	2	41	-	-	-	-	3	TBS_Index_24	3521.894
1755397834.279402	1755397837.801296	1755397834.644195	1755397834.657692	8	41	-	-	-	-	2	TBS_Index_23	3521.894
1755397834.279402	1755397837.801296	1755397834.644195	1755397834.663692	4	42	-	-	-	-	2	TBS_Index_23	3521.894
1755397834.279402	1755397837.801296	1755397834.644195	1755397834.669692	0	43	-	-	-	-	2	TBS_Index_23	3521.894
1755397834.279402	1755397837.801296	1755397834.644195	1755397834.671692	2	43	-	-	-	-	6	TBS_Index_25	3521.894
1755397834.279402	1755397837.801296	1755397834.644195	1755397834.677692	8	43	-	-	-	-	2	TBS_Index_24	3521.894
1755397834.279402	1755397837.801296	1755397834.644195	1755397834.683692	4	44	-	-	-	-	2	TBS_Index_24	3521.894
1755397834.279402	1755397837.801296	1755397834.644195	1755397834.686692	7	44	-	-	-	-	8	TBS_Index_26	3521.894
1755397834.279402	1755397837.801296	1755397834.644195	1755397834.691692	2	45	-	-	-	-	2	TBS_Index_24	3521.894
1755397834.279402	1755397837.801296	1755397834.644195	1755397834.697692	8	45	-	-	-	-	2	TBS_Index_24	3521.894
1755397834.279402	1755397837.801296	1755397834.644195	1755397834.703692	4	46	-	-	-	-	3	TBS_Index_24	3521.894
1755397834.279402	1755397837.801296	1755397834.644195	1755397834.709692	0	47	-	-	-	-	2	TBS_Index_24	3521.894
1755397834.279402	1755397837.801296	1755397834.644195	1755397834.715692	6	47	-	-	-	-	2	TBS_Index_24	3521.894
1755397834.279402	1755397837.801296	1755397834.644195	1755397834.721692	2	48	-	-	-	-	2	TBS_Index_24	3521.894
1755397834.321968	1755397837.844755	1755397834.689552	1755397834.667692	8	42	0	0	0	25	-	-	3522.787
1755397834.321968	1755397837.844755	1755397834.689552	1755397834.673692	4	43	0	0	0	0	-	-	3522.787
1755397834.321968	1755397837.844755	1755397834.689552	1755397834.675692	6	43	0	0	0	0	-	-	3522.787
1755397834.321968	1755397837.844755	1755397834.689552	1755397834.681692	2	44	0	0	0	26	-	-	3522.787
1755397834.321968	1755397837.844755	1755397834.689552	1755397834.687692	8	44	0	0	0	0	-	-	3522.787
1755397834.321968	1755397837.844755	1755397834.689552	1755397834.690692	1	45	0	0	0	0	-	-	3522.787
1755397834.321968	1755397837.844755	1755397834.689552	1755397834.695692	6	45	0	0	0	0	-	-	3522.787
1755397834.321968	1755397837.844755	1755397834.689552	1755397834.701692	2	46	0	0	0	0	-	-	3522.787
1755397834.321968	1755397837.844755	1755397834.689552	1755397834.707692	8	46	0	0	0	0	-	-	3522.787
1755397834.321968	1755397837.844755	1755397834.689552	1755397834.713692	4	47	0	0	0	0	-	-	3522.787
1755397834.321968	1755397837.844755	1755397834.689552	1755397834.719692	0	48	0	0	0	0	-	-	3522.787
1755397834.321968	1755397837.844755	1755397834.689552	1755397834.725692	6	48	0	0	0	0	-	-	3522.787
1755397834.321968	1755397837.844755	1755397834.689552	1755397834.731692	2	49	0	0	0	0	-	-	3522.787
1755397834.321968	1755397837.844755	1755397834.689552	1755397834.737692	8	49	0	0	0	0	-	-	3522.787
1755397834.321968	1755397837.844755	1755397834.689552	1755397834.743692	4	50	0	0	0	14	-	-	3522.787
1755397834.321968	1755397837.844755	1755397834.689552	1755397834.749692	0	51	0	0	0	0	-	-	3522.787
1755397834.321968	1755397837.844755	1755397834.689552	1755397834.751692	2	51	0	0	0	0	-	-	3522.787
1755397834.321968	1755397837.844755	1755397834.689552	1755397834.757692	8	51	0	0	0	0	-	-	3522.787
1755397834.321968	1755397837.844755	1755397834.689552	1755397834.763692	4	52	0	0	0	0	-	-	3522.787
1755397834.359545	1755397837.882060	1755397834.725773	1755397834.727692	8	48	-	-	-	-	3	TBS_Index_24	3522.515
1755397834.359545	1755397837.882060	1755397834.725773	1755397834.733692	4	49	-	-	-	-	2	TBS_Index_24	3522.515
1755397834.359545	1755397837.882060	1755397834.725773	1755397834.739692	0	50	-	-	-	-	2	TBS_Index_24	3522.515
1755397834.359545	1755397837.882060	1755397834.725773	1755397834.745692	6	50	-	-	-	-	2	TBS_Index_24	3522.515
1755397834.359545	1755397837.882060	1755397834.725773	1755397834.747692	8	50	-	-	-	-	1	TBS_Index_26	3522.515
1755397834.359545	1755397837.882060	1755397834.725773	1755397834.753692	4	51	-	-	-	-	2	TBS_Index_24	3522.515
1755397834.359545	1755397837.882060	1755397834.725773	1755397834.759692	0	52	-	-	-	-	3	TBS_Index_24	3522.515
1755397834.359545	1755397837.882060	1755397834.725773	1755397834.765692	6	52	-	-	-	-	2	TBS_Index_24	3522.515
1755397834.359545	1755397837.882060	1755397834.725773	1755397834.771692	2	53	-	-	-	-	2	TBS_Index_24	3522.515
1755397834.359545	1755397837.882060	1755397834.725773	1755397834.777692	8	53	-	-	-	-	2	TBS_Index_24	3522.515
1755397834.359545	1755397837.882060	1755397834.725773	1755397834.779692	0	54	-	-	-	-	8	TBS_Index_26	3522.515
1755397834.359545	1755397837.882060	1755397834.725773	1755397834.785692	6	54	-	-	-	-	2	TBS_Index_24	3522.515
1755397834.359545	1755397837.882060	1755397834.725773	1755397834.791692	2	55	-	-	-	-	2	TBS_Index_24	3522.515
1755397834.359545	1755397837.882060	1755397834.725773	1755397834.797692	8	55	-	-	-	-	2	TBS_Index_23	3522.515
1755397834.359545	1755397837.882060	1755397834.725773	1755397834.803692	4	56	-	-	-	-	2	TBS_Index_23	3522.515
1755397834.391956	1755397837.919182	1755397834.764160	1755397834.809692	0	57	-	-	-	-	2	TBS_Index_23	3527.226
1755397834.391956	1755397837.919182	1755397834.764160	1755397834.815692	6	57	-	-	-	-	2	TBS_Index_23	3527.226
1755397834.391956	1755397837.919182	1755397834.764160	1755397834.817692	8	57	-	-	-	-	9	TBS_Index_25	3527.226
1755397834.391956	1755397837.919182	1755397834.764160	1755397834.823692	4	58	-	-	-	-	2	TBS_Index_23	3527.226
1755397834.391956	1755397837.919182	1755397834.764160	1755397834.829692	0	59	-	-	-	-	2	TBS_Index_23	3527.226
1755397834.391956	1755397837.919182	1755397834.764160	1755397834.835692	6	59	-	-	-	-	2	TBS_Index_23	3527.226
1755397834.424093	1755397837.946224	1755397834.789922	1755397834.769692	0	53	0	0	0	0	-	-	3522.131
1755397834.424093	1755397837.946224	1755397834.789922	1755397834.775692	6	53	0	0	0	28	-	-	3522.131
1755397834.424093	1755397837.946224	1755397834.789922	1755397834.781692	2	54	0	0	0	0	-	-	3522.131
1755397834.424093	1755397837.946224	1755397834.789922	1755397834.783692	4	54	0	0	0	0	-	-	3522.131
1755397834.424093	1755397837.946224	1755397834.789922	1755397834.789692	0	55	0	0	0	0	-	-	3522.131
1755397834.424093	1755397837.946224	1755397834.789922	1755397834.795692	6	55	0	0	0	0	-	-	3522.131
1755397834.424093	1755397837.946224	1755397834.789922	1755397834.801692	2	56	0	0	0	0	-	-	3522.131
1755397834.424093	1755397837.946224	1755397834.789922	1755397834.807692	8	56	0	0	0	0	-	-	3522.131
1755397834.424093	1755397837.946224	1755397834.789922	1755397834.813692	4	57	0	0	0	28	-	-	3522.131
1755397834.424093	1755397837.946224	1755397834.789922	1755397834.819692	0	58	0	0	0	0	-	-	3522.131
1755397834.424093	1755397837.946224	1755397834.789922	1755397834.821692	2	58	0	0	0	0	-	-	3522.131
1755397834.424093	1755397837.946224	1755397834.789922	1755397834.827692	8	58	0	0	0	0	-	-	3522.131
1755397834.424093	1755397837.946224	1755397834.789922	1755397834.833692	4	59	0	0	0	0	-	-	3522.131
1755397834.424093	1755397837.946224	1755397834.789922	1755397834.839692	0	60	0	0	0	0	-	-	3522.131
1755397834.424093	1755397837.946224	1755397834.789922	1755397834.845692	6	60	0	0	0	0	-	-	3522.131
1755397834.424093	1755397837.946224	1755397834.789922	1755397834.851692	2	61	0	0	0	0	-	-	3522.131
1755397834.424093	1755397837.946224	1755397834.789922	1755397834.857692	8	61	0	0	0	0	-	-	3522.131
1755397834.424093	1755397837.946224	1755397834.789922	1755397834.863692	4	62	0	0	0	0	-	-	3522.131
1755397834.424093	1755397837.946224	1755397834.789922	1755397834.869692	0	63	0	0	0	0	-	-	3522.131
1755397834.477754	1755397838.000010	1755397834.843807	1755397834.841692	2	60	-	-	-	-	2	TBS_Index_23	3522.256
1755397834.477754	1755397838.000010	1755397834.843807	1755397834.847692	8	60	-	-	-	-	2	TBS_Index_23	3522.256
1755397834.477754	1755397838.000010	1755397834.843807	1755397834.853692	4	61	-	-	-	-	2	TBS_Index_23	3522.256
1755397834.477754	1755397838.000010	1755397834.843807	1755397834.859692	0	62	-	-	-	-	2	TBS_Index_24	3522.256
1755397834.477754	1755397838.000010	1755397834.843807	1755397834.865692	6	62	-	-	-	-	2	TBS_Index_23	3522.256
1755397834.477754	1755397838.000010	1755397834.843807	1755397834.871692	2	63	-	-	-	-	2	TBS_Index_23	3522.256
1755397834.477754	1755397838.000010	1755397834.843807	1755397834.877692	8	63	-	-	-	-	2	TBS_Index_23	3522.256
1755397834.477754	1755397838.000010	1755397834.843807	1755397834.883692	4	64	-	-	-	-	2	TBS_Index_23	3522.256
1755397834.477754	1755397838.000010	1755397834.843807	1755397834.889692	0	65	-	-	-	-	2	TBS_Index_23	3522.256
1755397834.477754	1755397838.000010	1755397834.843807	1755397834.895692	6	65	-	-	-	-	2	TBS_Index_23	3522.256
1755397834.477754	1755397838.000010	1755397834.843807	1755397834.903692	4	66	-	-	-	-	2	TBS_Index_23	3522.256
1755397834.477754	1755397838.000010	1755397834.843807	1755397834.909692	0	67	-	-	-	-	2	TBS_Index_23	3522.256
1755397834.477754	1755397838.000010	1755397834.843807	1755397834.915692	6	67	-	-	-	-	2	TBS_Index_23	3522.256
1755397834.477754	1755397838.000010	1755397834.843807	1755397834.921692	2	68	-	-	-	-	2	TBS_Index_23	3522.256
1755397834.525898	1755397838.048107	1755397834.891225	1755397834.875692	6	63	0	0	0	0	-	-	3522.209
1755397834.525898	1755397838.048107	1755397834.891225	1755397834.881692	2	64	0	0	0	0	-	-	3522.209
1755397834.525898	1755397838.048107	1755397834.891225	1755397834.887692	8	64	0	0	0	0	-	-	3522.209
1755397834.525898	1755397838.048107	1755397834.891225	1755397834.893692	4	65	0	0	0	0	-	-	3522.209
1755397834.525898	1755397838.048107	1755397834.891225	1755397834.899692	0	66	0	0	0	0	-	-	3522.209
1755397834.525898	1755397838.048107	1755397834.891225	1755397834.907692	8	66	0	0	0	0	-	-	3522.209
1755397834.525898	1755397838.048107	1755397834.891225	1755397834.913692	4	67	0	0	0	0	-	-	3522.209
1755397834.525898	1755397838.048107	1755397834.891225	1755397834.919692	0	68	0	0	0	0	-	-	3522.209
1755397834.525898	1755397838.048107	1755397834.891225	1755397834.925692	6	68	0	0	0	0	-	-	3522.209
1755397834.525898	1755397838.048107	1755397834.891225	1755397834.931692	2	69	0	0	0	0	-	-	3522.209
1755397834.525898	1755397838.048107	1755397834.891225	1755397834.937692	8	69	0	0	0	0	-	-	3522.209
1755397834.525898	1755397838.048107	1755397834.891225	1755397834.943692	4	70	0	0	0	0	-	-	3522.209
1755397834.525898	1755397838.048107	1755397834.891225	1755397834.949692	0	71	0	0	0	0	-	-	3522.209
1755397834.525898	1755397838.048107	1755397834.891225	1755397834.955692	6	71	0	0	0	0	-	-	3522.209
1755397834.525898	1755397838.048107	1755397834.891225	1755397834.961692	2	72	0	0	0	0	-	-	3522.209
1755397834.525898	1755397838.048107	1755397834.891225	1755397834.967692	8	72	0	0	0	0	-	-	3522.209
1755397834.589543	1755397838.112393	1755397834.955993	1755397834.927692	8	68	-	-	-	-	2	TBS_Index_23	3522.850
1755397834.589543	1755397838.112393	1755397834.955993	1755397834.933692	4	69	-	-	-	-	2	TBS_Index_23	3522.850
1755397834.589543	1755397838.112393	1755397834.955993	1755397834.939692	0	70	-	-	-	-	2	TBS_Index_23	3522.850
1755397834.589543	1755397838.112393	1755397834.955993	1755397834.945692	6	70	-	-	-	-	2	TBS_Index_23	3522.850
1755397834.589543	1755397838.112393	1755397834.955993	1755397834.951692	2	71	-	-	-	-	2	TBS_Index_23	3522.850
1755397834.589543	1755397838.112393	1755397834.955993	1755397834.957692	8	71	-	-	-	-	2	TBS_Index_23	3522.850
1755397834.589543	1755397838.112393	1755397834.955993	1755397834.963692	4	72	-	-	-	-	2	TBS_Index_23	3522.850
1755397834.589543	1755397838.112393	1755397834.955993	1755397834.983692	4	74	-	-	-	-	2	TBS_Index_23	3522.850
1755397834.589543	1755397838.112393	1755397834.955993	1755397834.989692	0	75	-	-	-	-	2	TBS_Index_23	3522.850
1755397834.589543	1755397838.112393	1755397834.955993	1755397834.995692	6	75	-	-	-	-	2	TBS_Index_22	3522.850
1755397834.589543	1755397838.112393	1755397834.955993	1755397835.001692	2	76	-	-	-	-	2	TBS_Index_22	3522.850
1755397834.589543	1755397838.112393	1755397834.955993	1755397835.007692	8	76	-	-	-	-	2	TBS_Index_22	3522.850
1755397834.589543	1755397838.112393	1755397834.955993	1755397835.013692	4	77	-	-	-	-	2	TBS_Index_22	3522.850
1755397834.589543	1755397838.112393	1755397834.955993	1755397835.019692	0	78	-	-	-	-	2	TBS_Index_23	3522.850
1755397834.589543	1755397838.112393	1755397834.955993	1755397835.025692	6	78	-	-	-	-	2	TBS_Index_23	3522.850
1755397834.589543	1755397838.112393	1755397834.955993	1755397835.031692	2	79	-	-	-	-	2	TBS_Index_23	3522.850
1755397834.589543	1755397838.112393	1755397834.955993	1755397835.033692	4	79	-	-	-	-	12	TBS_Index_25	3522.850
1755397834.628017	1755397838.151225	1755397834.995185	1755397834.987692	8	74	0	0	0	0	-	-	3523.208
1755397834.628017	1755397838.151225	1755397834.995185	1755397834.993692	4	75	0	0	0	0	-	-	3523.208
1755397834.628017	1755397838.151225	1755397834.995185	1755397834.999692	0	76	0	0	0	0	-	-	3523.208
1755397834.628017	1755397838.151225	1755397834.995185	1755397835.005692	6	76	0	0	0	0	-	-	3523.208
1755397834.628017	1755397838.151225	1755397834.995185	1755397835.011692	2	77	0	0	0	0	-	-	3523.208
1755397834.628017	1755397838.151225	1755397834.995185	1755397835.017692	8	77	0	0	0	0	-	-	3523.208
1755397834.628017	1755397838.151225	1755397834.995185	1755397835.023692	4	78	0	0	0	0	-	-	3523.208
1755397834.628017	1755397838.151225	1755397834.995185	1755397835.029692	0	79	0	0	0	29	-	-	3523.208
1755397834.628017	1755397838.151225	1755397834.995185	1755397835.035692	6	79	0	0	0	0	-	-	3523.208
1755397834.628017	1755397838.151225	1755397834.995185	1755397835.037692	8	79	0	0	0	0	-	-	3523.208
1755397834.628017	1755397838.151225	1755397834.995185	1755397835.043692	4	80	0	0	0	0	-	-	3523.208
1755397834.730146	1755397838.252482	1755397835.096520	1755397835.093692	4	85	0	0	0	0	-	-	3522.336
1755397834.730146	1755397838.252482	1755397835.096520	1755397835.113692	4	87	0	0	0	0	-	-	3522.336
1755397834.730146	1755397838.252482	1755397835.096520	1755397835.147692	8	90	0	0	0	0	-	-	3522.336
1755397834.730146	1755397838.252482	1755397835.096520	1755397835.163692	4	92	0	0	0	0	-	-	3522.336
1755397834.757672	1755397838.279951	1755397835.123854	1755397835.039692	0	80	-	-	-	-	2	TBS_Index_23	3522.279
1755397834.757672	1755397838.279951	1755397835.123854	1755397835.089692	0	85	-	-	-	-	2	TBS_Index_25	3522.279
1755397834.757672	1755397838.279951	1755397835.123854	1755397835.109692	0	87	-	-	-	-	2	TBS_Index_25	3522.279
1755397834.757672	1755397838.279951	1755397835.123854	1755397835.143692	4	90	-	-	-	-	3	TBS_Index_25	3522.279
1755397834.757672	1755397838.279951	1755397835.123854	1755397835.159692	0	92	-	-	-	-	2	TBS_Index_25	3522.279
1755397834.757672	1755397838.279951	1755397835.123854	1755397835.175692	6	93	-	-	-	-	1	TBS_Index_0	3522.279
1755397834.757672	1755397838.279951	1755397835.123854	1755397835.179692	0	94	-	-	-	-	2	TBS_Index_25	3522.279
1755397834.757672	1755397838.279951	1755397835.123854	1755397835.187692	8	94	-	-	-	-	2	TBS_Index_23	3522.279
1755397834.757672	1755397838.279951	1755397835.123854	1755397835.189692	0	95	-	-	-	-	2	TBS_Index_25	3522.279
1755397834.757672	1755397838.279951	1755397835.123854	1755397835.195692	6	95	-	-	-	-	3	TBS_Index_23	3522.279
1755397834.757672	1755397838.279951	1755397835.123854	1755397835.201692	2	96	-	-	-	-	2	TBS_Index_23	3522.279
1755397834.831972	1755397838.354174	1755397835.199015	1755397835.183692	4	94	0	0	0	0	-	-	3522.202
1755397834.831972	1755397838.354174	1755397835.199015	1755397835.191692	2	95	0	0	0	0	-	-	3522.202
1755397834.831972	1755397838.354174	1755397835.199015	1755397835.193692	4	95	0	0	0	0	-	-	3522.202
1755397834.831972	1755397838.354174	1755397835.199015	1755397835.199692	0	96	0	0	0	0	-	-	3522.202
1755397834.831972	1755397838.354174	1755397835.199015	1755397835.205692	6	96	0	0	0	0	-	-	3522.202
1755397834.831972	1755397838.354174	1755397835.199015	1755397835.227692	8	98	0	0	0	27	-	-	3522.202
1755397834.831972	1755397838.354174	1755397835.199015	1755397835.233692	4	99	0	0	0	0	-	-	3522.202
1755397834.831972	1755397838.354174	1755397835.199015	1755397835.235692	6	99	0	0	0	0	-	-	3522.202
1755397834.831972	1755397838.354174	1755397835.199015	1755397835.241692	2	100	0	0	0	0	-	-	3522.202
1755397834.831972	1755397838.354174	1755397835.199015	1755397835.247692	8	100	0	0	0	0	-	-	3522.202
1755397834.831972	1755397838.354174	1755397835.199015	1755397835.253692	4	101	0	0	0	0	-	-	3522.202
1755397834.831972	1755397838.354174	1755397835.199015	1755397835.259692	0	102	0	0	0	0	-	-	3522.202
1755397834.831972	1755397838.354174	1755397835.199015	1755397835.265692	6	102	0	0	0	0	-	-	3522.202
1755397834.831972	1755397838.354174	1755397835.199015	1755397835.271692	2	103	0	0	0	0	-	-	3522.202
1755397834.831972	1755397838.354174	1755397835.199015	1755397835.277692	8	103	0	0	0	26	-	-	3522.202
1755397834.863396	1755397838.385739	1755397835.229511	1755397835.223692	4	98	-	-	-	-	2	TBS_Index_25	3522.343
1755397834.863396	1755397838.385739	1755397835.229511	1755397835.229692	0	99	-	-	-	-	2	TBS_Index_23	3522.343
1755397834.863396	1755397838.385739	1755397835.229511	1755397835.231692	2	99	-	-	-	-	8	TBS_Index_25	3522.343
1755397834.863396	1755397838.385739	1755397835.229511	1755397835.237692	8	99	-	-	-	-	2	TBS_Index_23	3522.343
1755397834.863396	1755397838.385739	1755397835.229511	1755397835.243692	4	100	-	-	-	-	2	TBS_Index_23	3522.343
1755397834.863396	1755397838.385739	1755397835.229511	1755397835.249692	0	101	-	-	-	-	2	TBS_Index_23	3522.343
1755397834.863396	1755397838.385739	1755397835.229511	1755397835.255692	6	101	-	-	-	-	2	TBS_Index_23	3522.343
1755397834.863396	1755397838.385739	1755397835.229511	1755397835.261692	2	102	-	-	-	-	3	TBS_Index_24	3522.343
1755397834.863396	1755397838.385739	1755397835.229511	1755397835.267692	8	102	-	-	-	-	2	TBS_Index_24	3522.343
1755397834.863396	1755397838.385739	1755397835.229511	1755397835.273692	4	103	-	-	-	-	2	TBS_Index_23	3522.343
1755397834.863396	1755397838.385739	1755397835.229511	1755397835.279692	0	104	-	-	-	-	2	TBS_Index_23	3522.343
1755397834.863396	1755397838.385739	1755397835.229511	1755397835.281692	2	104	-	-	-	-	6	TBS_Index_26	3522.343
1755397834.863396	1755397838.385739	1755397835.229511	1755397835.303692	4	106	-	-	-	-	9	TBS_Index_26	3522.343
1755397834.934024	1755397838.458975	1755397835.302722	1755397835.283692	4	104	0	0	0	0	-	-	3524.951
1755397834.934024	1755397838.458975	1755397835.302722	1755397835.285692	6	104	0	0	0	0	-	-	3524.951
1755397834.934024	1755397838.458975	1755397835.302722	1755397835.307692	8	106	0	0	0	0	-	-	3524.951
1755397834.934024	1755397838.458975	1755397835.302722	1755397835.313692	4	107	0	0	0	0	-	-	3524.951
1755397834.934024	1755397838.458975	1755397835.302722	1755397835.319692	0	108	0	0	0	0	-	-	3524.951
1755397834.934024	1755397838.458975	1755397835.302722	1755397835.325692	6	108	0	0	0	0	-	-	3524.951
1755397834.934024	1755397838.458975	1755397835.302722	1755397835.331692	2	109	0	0	0	0	-	-	3524.951
1755397834.934024	1755397838.458975	1755397835.302722	1755397835.337692	8	109	0	0	0	21	-	-	3524.951
1755397834.934024	1755397838.458975	1755397835.302722	1755397835.343692	4	110	0	0	0	0	-	-	3524.951
1755397834.934024	1755397838.458975	1755397835.302722	1755397835.345692	6	110	0	0	0	0	-	-	3524.951
1755397834.934024	1755397838.458975	1755397835.302722	1755397835.351692	2	111	0	0	0	28	-	-	3524.951
1755397834.934024	1755397838.458975	1755397835.302722	1755397835.357692	8	111	0	0	0	0	-	-	3524.951
1755397834.934024	1755397838.458975	1755397835.302722	1755397835.359692	0	112	0	0	0	0	-	-	3524.951
1755397834.934024	1755397838.458975	1755397835.302722	1755397835.365692	6	112	0	0	0	0	-	-	3524.951
1755397834.951685	1755397838.476255	1755397835.319836	1755397835.309692	0	107	-	-	-	-	3	TBS_Index_24	3524.570
1755397834.951685	1755397838.476255	1755397835.319836	1755397835.315692	6	107	-	-	-	-	2	TBS_Index_24	3524.570
1755397834.951685	1755397838.476255	1755397835.319836	1755397835.321692	2	108	-	-	-	-	2	TBS_Index_24	3524.570
1755397834.951685	1755397838.476255	1755397835.319836	1755397835.327692	8	108	-	-	-	-	2	TBS_Index_24	3524.570
1755397834.951685	1755397838.476255	1755397835.319836	1755397835.333692	4	109	-	-	-	-	2	TBS_Index_24	3524.570
1755397834.951685	1755397838.476255	1755397835.319836	1755397835.339692	0	110	-	-	-	-	2	TBS_Index_24	3524.570
1755397834.951685	1755397838.476255	1755397835.319836	1755397835.341692	2	110	-	-	-	-	3	TBS_Index_26	3524.570
1755397834.951685	1755397838.476255	1755397835.319836	1755397835.347692	8	110	-	-	-	-	2	TBS_Index_24	3524.570
1755397834.951685	1755397838.476255	1755397835.319836	1755397835.353692	4	111	-	-	-	-	2	TBS_Index_24	3524.570
1755397834.951685	1755397838.476255	1755397835.319836	1755397835.355692	6	111	-	-	-	-	8	TBS_Index_26	3524.570
1755397834.951685	1755397838.476255	1755397835.319836	1755397835.361692	2	112	-	-	-	-	2	TBS_Index_24	3524.570
1755397834.951685	1755397838.476255	1755397835.319836	1755397835.383692	4	114	-	-	-	-	3	TBS_Index_24	3524.570
1755397834.951685	1755397838.476255	1755397835.319836	1755397835.389692	0	115	-	-	-	-	3	TBS_Index_24	3524.570
1755397834.951685	1755397838.476255	1755397835.319836	1755397835.395692	6	115	-	-	-	-	2	TBS_Index_23	3524.570
1755397835.035906	1755397838.577279	1755397835.431055	1755397835.387692	8	114	0	0	0	31	-	-	3541.373
1755397835.035906	1755397838.577279	1755397835.431055	1755397835.393692	4	115	0	0	0	0	-	-	3541.373
1755397835.035906	1755397838.577279	1755397835.431055	1755397835.399692	0	116	0	0	0	28	-	-	3541.373
1755397835.035906	1755397838.577279	1755397835.431055	1755397835.403692	4	116	0	0	0	0	-	-	3541.373
1755397835.035906	1755397838.577279	1755397835.431055	1755397835.407692	8	116	0	0	0	0	-	-	3541.373
1755397835.035906	1755397838.577279	1755397835.431055	1755397835.413692	4	117	0	0	0	0	-	-	3541.373
1755397835.035906	1755397838.577279	1755397835.431055	1755397835.419692	0	118	0	0	0	0	-	-	3541.373
1755397835.035906	1755397838.577279	1755397835.431055	1755397835.425692	6	118	0	0	0	0	-	-	3541.373
1755397835.035906	1755397838.577279	1755397835.431055	1755397835.431692	2	119	0	0	0	0	-	-	3541.373
1755397835.035906	1755397838.577279	1755397835.431055	1755397835.437692	8	119	0	0	0	0	-	-	3541.373
1755397835.035906	1755397838.577279	1755397835.431055	1755397835.443692	4	120	0	0	0	0	-	-	3541.373
1755397835.035906	1755397838.577279	1755397835.431055	1755397835.467692	8	122	0	0	0	0	-	-	3541.373
1755397835.035906	1755397838.577279	1755397835.431055	1755397835.473692	4	123	0	0	0	0	-	-	3541.373
1755397835.035906	1755397838.577279	1755397835.431055	1755397835.479692	0	124	0	0	0	0	-	-	3541.373
1755397835.063758	1755397838.590667	1755397835.434237	1755397835.399692	0	116	-	-	-	-	15	TBS_Index_25	3526.909
1755397835.063758	1755397838.590667	1755397835.434237	1755397835.403692	4	116	-	-	-	-	9	TBS_Index_25	3526.909
1755397835.063758	1755397838.590667	1755397835.434237	1755397835.409692	0	117	-	-	-	-	2	TBS_Index_23	3526.909
1755397835.063758	1755397838.590667	1755397835.434237	1755397835.415692	6	117	-	-	-	-	2	TBS_Index_23	3526.909
1755397835.063758	1755397838.590667	1755397835.434237	1755397835.421692	2	118	-	-	-	-	2	TBS_Index_23	3526.909
1755397835.063758	1755397838.590667	1755397835.434237	1755397835.427692	8	118	-	-	-	-	3	TBS_Index_23	3526.909
1755397835.063758	1755397838.590667	1755397835.434237	1755397835.433692	4	119	-	-	-	-	2	TBS_Index_24	3526.909
1755397835.063758	1755397838.590667	1755397835.434237	1755397835.439692	0	120	-	-	-	-	2	TBS_Index_24	3526.909
1755397835.063758	1755397838.590667	1755397835.434237	1755397835.463692	4	122	-	-	-	-	2	TBS_Index_26	3526.909
1755397835.063758	1755397838.590667	1755397835.434237	1755397835.469692	0	123	-	-	-	-	2	TBS_Index_24	3526.909
1755397835.063758	1755397838.590667	1755397835.434237	1755397835.475692	6	123	-	-	-	-	2	TBS_Index_24	3526.909
1755397835.063758	1755397838.590667	1755397835.434237	1755397835.481692	2	124	-	-	-	-	2	TBS_Index_24	3526.909
1755397835.063758	1755397838.590667	1755397835.434237	1755397835.487692	8	124	-	-	-	-	2	TBS_Index_24	3526.909
1755397835.063758	1755397838.590667	1755397835.434237	1755397835.493692	4	125	-	-	-	-	2	TBS_Index_24	3526.909
1755397835.063758	1755397838.590667	1755397835.434237	1755397835.499692	0	126	-	-	-	-	2	TBS_Index_24	3526.909
1755397835.063758	1755397838.590667	1755397835.434237	1755397835.505692	6	126	-	-	-	-	1	TBS_Index_0	3526.909
1755397835.063758	1755397838.590667	1755397835.434237	1755397835.507692	8	126	-	-	-	-	2	TBS_Index_24	3526.909
1755397835.138026	1755397838.660316	1755397835.503893	1755397835.485692	6	124	0	0	0	0	-	-	3522.290
1755397835.138026	1755397838.660316	1755397835.503893	1755397835.491692	2	125	0	0	0	0	-	-	3522.290
1755397835.138026	1755397838.660316	1755397835.503893	1755397835.497692	8	125	0	0	0	0	-	-	3522.290
1755397835.138026	1755397838.660316	1755397835.503893	1755397835.503692	4	126	0	0	0	0	-	-	3522.290
1755397835.138026	1755397838.660316	1755397835.503893	1755397835.511692	2	127	0	0	0	0	-	-	3522.290
1755397835.138026	1755397838.660316	1755397835.503893	1755397835.517692	8	127	0	0	0	0	-	-	3522.290
1755397835.138026	1755397838.660316	1755397835.503893	1755397835.523692	4	128	0	0	0	0	-	-	3522.290
1755397835.138026	1755397838.660316	1755397835.503893	1755397835.547692	8	130	0	0	0	0	-	-	3522.290
1755397835.138026	1755397838.660316	1755397835.503893	1755397835.553692	4	131	0	0	0	0	-	-	3522.290
1755397835.138026	1755397838.660316	1755397835.503893	1755397835.559692	0	132	0	0	0	0	-	-	3522.290
1755397835.138026	1755397838.660316	1755397835.503893	1755397835.565692	6	132	0	0	0	0	-	-	3522.290
1755397835.138026	1755397838.660316	1755397835.503893	1755397835.571692	2	133	0	0	0	0	-	-	3522.290
1755397835.138026	1755397838.660316	1755397835.503893	1755397835.577692	8	133	0	0	0	0	-	-	3522.290
1755397835.138026	1755397838.660316	1755397835.503893	1755397835.583692	4	134	0	0	0	0	-	-	3522.290
1755397835.197766	1755397838.719838	1755397835.563241	1755397835.513692	4	127	-	-	-	-	2	TBS_Index_23	3522.072
1755397835.197766	1755397838.719838	1755397835.563241	1755397835.519692	0	128	-	-	-	-	2	TBS_Index_23	3522.072
1755397835.197766	1755397838.719838	1755397835.563241	1755397835.543692	4	130	-	-	-	-	2	TBS_Index_23	3522.072
1755397835.197766	1755397838.719838	1755397835.563241	1755397835.549692	0	131	-	-	-	-	2	TBS_Index_23	3522.072
1755397835.197766	1755397838.719838	1755397835.563241	1755397835.555692	6	131	-	-	-	-	2	TBS_Index_23	3522.072
1755397835.197766	1755397838.719838	1755397835.563241	1755397835.561692	2	132	-	-	-	-	2	TBS_Index_23	3522.072
1755397835.197766	1755397838.719838	1755397835.563241	1755397835.567692	8	132	-	-	-	-	2	TBS_Index_23	3522.072
1755397835.197766	1755397838.719838	1755397835.563241	1755397835.573692	4	133	-	-	-	-	2	TBS_Index_23	3522.072
1755397835.197766	1755397838.719838	1755397835.563241	1755397835.579692	0	134	-	-	-	-	2	TBS_Index_23	3522.072
1755397835.197766	1755397838.719838	1755397835.563241	1755397835.585692	6	134	-	-	-	-	2	TBS_Index_23	3522.072
1755397835.197766	1755397838.719838	1755397835.563241	1755397835.591692	2	135	-	-	-	-	2	TBS_Index_23	3522.072
1755397835.197766	1755397838.719838	1755397835.563241	1755397835.597692	8	135	-	-	-	-	2	TBS_Index_23	3522.072
1755397835.197766	1755397838.719838	1755397835.563241	1755397835.603692	4	136	-	-	-	-	2	TBS_Index_23	3522.072
1755397835.197766	1755397838.719838	1755397835.563241	1755397835.623692	4	138	-	-	-	-	15	TBS_Index_25	3522.072
1755397835.197766	1755397838.719838	1755397835.563241	1755397835.629692	0	139	-	-	-	-	2	TBS_Index_23	3522.072
1755397835.197766	1755397838.719838	1755397835.563241	1755397835.635692	6	139	-	-	-	-	2	TBS_Index_24	3522.072
1755397835.197766	1755397838.719838	1755397835.563241	1755397835.641692	2	140	-	-	-	-	2	TBS_Index_24	3522.072
1755397835.240152	1755397838.763002	1755397835.606194	1755397835.589692	0	135	0	0	0	0	-	-	3522.850
1755397835.240152	1755397838.763002	1755397835.606194	1755397835.595692	6	135	0	0	0	0	-	-	3522.850
1755397835.240152	1755397838.763002	1755397835.606194	1755397835.601692	2	136	0	0	0	31	-	-	3522.850
1755397835.240152	1755397838.763002	1755397835.606194	1755397835.607692	8	136	0	0	0	0	-	-	3522.850
1755397835.240152	1755397838.763002	1755397835.606194	1755397835.627692	8	138	0	0	0	0	-	-	3522.850
1755397835.240152	1755397838.763002	1755397835.606194	1755397835.633692	4	139	0	0	0	0	-	-	3522.850
1755397835.240152	1755397838.763002	1755397835.606194	1755397835.639692	0	140	0	0	0	0	-	-	3522.850
1755397835.240152	1755397838.763002	1755397835.606194	1755397835.645692	6	140	0	0	0	0	-	-	3522.850
1755397835.240152	1755397838.763002	1755397835.606194	1755397835.651692	2	141	0	0	0	0	-	-	3522.850
1755397835.240152	1755397838.763002	1755397835.606194	1755397835.673692	4	143	0	0	0	0	-	-	3522.850
1755397835.341970	1755397838.864116	1755397835.707483	1755397835.753692	4	151	0	0	0	31	-	-	3522.146
1755397835.341970	1755397838.864116	1755397835.707483	1755397835.761692	2	152	0	0	0	0	-	-	3522.146
1755397835.444038	1755397838.966189	1755397835.810523	1755397835.813692	4	157	0	0	0	0	-	-	3522.151
1755397835.545887	1755397839.068321	1755397835.911919	1755397835.947692	8	170	0	0	0	0	-	-	3522.434
1755397835.591973	1755397839.114650	1755397835.958202	1755397835.647692	8	140	-	-	-	-	2	TBS_Index_24	3522.677
1755397835.591973	1755397839.114650	1755397835.958202	1755397835.669692	0	143	-	-	-	-	2	TBS_Index_26	3522.677
1755397835.591973	1755397839.114650	1755397835.958202	1755397835.749692	0	151	-	-	-	-	2	TBS_Index_26	3522.677
1755397835.591973	1755397839.114650	1755397835.958202	1755397835.757692	8	151	-	-	-	-	15	TBS_Index_26	3522.677
1755397835.591973	1755397839.114650	1755397835.958202	1755397835.809692	0	157	-	-	-	-	18	TBS_Index_25	3522.677
1755397835.591973	1755397839.114650	1755397835.958202	1755397835.943692	4	170	-	-	-	-	18	TBS_Index_25	3522.677
1755397835.591973	1755397839.114650	1755397835.958202	1755397835.989692	0	175	-	-	-	-	18	TBS_Index_25	3522.677
1755397835.648022	1755397839.170886	1755397836.015007	1755397835.993692	4	175	0	0	0	0	-	-	3522.864
1755397835.750099	1755397839.272028	1755397836.115346	1755397836.133692	4	189	0	0	0	0	-	-	3521.929
1755397836.356954	1755397839.880576	1755397836.725816	1755397836.793692	4	255	0	0	0	0	-	-	3523.622
1755397836.791965	1755397840.314689	1755397837.159485	1755397836.129692	0	189	-	-	-	-	18	TBS_Index_25	3522.724
1755397836.791965	1755397840.314689	1755397837.159485	1755397836.789692	0	255	-	-	-	-	18	TBS_Index_25	3522.724
1755397837.670907	1755397841.193589	1755397838.041852	1755397838.113692	4	387	0	0	0	0	-	-	3522.682
1755397837.991965	1755397841.514766	1755397838.359971	1755397838.109692	0	387	-	-	-	-	18	TBS_Index_25	3522.801
1755397839.288022	1755397842.810791	1755397839.655010	1755397839.713692	4	547	0	0	0	0	-	-	3522.769
1755397839.794034	1755397843.316951	1755397840.161462	1755397840.233692	4	599	0	0	0	0	-	-	3522.917
